00:00:00.00> LOGGY ON 

00:00:00.00> SYMBOL 
00:00:00.00> ASAS ON 
00:00:00.00> CDMETHOD STATEBASED 
00:00:00.00> RESO MVP 
00:00:00.00> DTLOOK 30 
00:00:00.00> RMETHH ON 
00:00:00.00> RMETHH BOTH 
00:00:00.00> RMETHV OFF 
00:00:00.00> RFACH 0.06479484 
00:00:00.00> RFACV 25 
00:00:00.00> RSZONER 0.06479484 
00:00:00.00> RSZONEDH 25 
00:00:00.00> ZONER 0.0539957 
00:00:00.00> ZONEDH 20 
00:00:00.00> PAN 48.8590239723895 2.3345907131722807 
00:00:00.00> CIRCLE PARIS 48.8590239723895 2.3345907131722807 3.66792656587473 
00:00:00.00> DEFWPT OL0 48.82009586193824 2.313740417735347 FIX 
00:00:00.00> DEFWPT OL1 48.82553511734677 2.290633707209901 FIX 
00:00:00.00> DEFWPT OL2 48.8328103088806 2.2716603573182956 FIX 
00:00:00.00> DEFWPT OL3 48.83289279814418 2.2575842982263112 FIX 
00:00:00.00> DEFWPT OL4 48.836920391838404 2.251027850826314 FIX 
00:00:00.00> DEFWPT OL5 48.846146477980284 2.251158257153701 FIX 
00:00:00.00> DEFWPT OL6 48.85254657168936 2.24850617452843 FIX 
00:00:00.00> DEFWPT OL7 48.884464579452796 2.2809752701876187 FIX 
00:00:00.00> DEFWPT OL8 48.90294571844487 2.326396264358652 FIX 
00:00:00.00> DEFWPT OL9 48.902147697586926 2.3944000355352015 FIX 
00:00:00.00> DEFWPT OL10 48.88444424606979 2.403202874481796 FIX 
00:00:00.00> DEFWPT OL11 48.88085761860266 2.410257843721843 FIX 
00:00:00.00> DEFWPT OL12 48.87137454710148 2.416889200876933 FIX 
00:00:00.00> DEFWPT OL13 48.833662361669255 2.4151675832306574 FIX 
00:00:00.00> DEFWPT OL14 48.813581638946545 2.36307951683023 FIX 
00:00:00.00> DEFWPT IL0 48.82118181567946 2.3141968229176366 FLYBY 
00:00:00.00> DEFWPT IL1 48.82655857969511 2.2913548556211865 FLYBY 
00:00:00.00> DEFWPT IL2 48.83393167722396 2.2721272010530438 FLYBY 
00:00:00.00> DEFWPT IL3 48.834012871689296 2.258261382022783 FLYBY 
00:00:00.00> DEFWPT IL4 48.83740485514915 2.252737574263275 FLYBY 
00:00:00.00> DEFWPT IL5 48.846291817407426 2.252863468901358 FLYBY 
00:00:00.00> DEFWPT IL6 48.85234739977869 2.250353944069881 FLYBY 
00:00:00.00> DEFWPT IL7 48.883636846122236 2.2821861977014297 FLYBY 
00:00:00.00> DEFWPT IL8 48.9018158399469 2.3268670040776533 FLYBY 
00:00:00.00> DEFWPT IL9 48.901037814584406 2.3931567475130855 FLYBY 
00:00:00.00> DEFWPT IL10 48.88376636518272 2.4017458778123904 FLYBY 
00:00:00.00> DEFWPT IL11 48.880137098405896 2.4088845044541944 FLYBY 
00:00:00.00> DEFWPT IL12 48.87114440968452 2.415174064599594 FLYBY 
00:00:00.00> DEFWPT IL13 48.83431774947388 2.4134939210029183 FLYBY 
00:00:00.00> DEFWPT IL14 48.81476774246963 2.3627788083527483 FLYBY 
00:00:00.00> DEFWPT C0 48.822267770757115 2.3146532281007315 FIX 
00:00:00.00> DEFWPT C1 48.82758204594454 2.292076004035884 FIX 
00:00:00.00> DEFWPT C2 48.8350530437012 2.272594044790469 FIX 
00:00:00.00> DEFWPT C3 48.83513294140463 2.258938465822307 FIX 
00:00:00.00> DEFWPT C4 48.83788933403108 2.254447297701778 FIX 
00:00:00.00> DEFWPT C5 48.84643718108302 2.2545686806508067 FIX 
00:00:00.00> DEFWPT C6 48.85214824700921 2.2522017136117505 FIX 
00:00:00.00> DEFWPT C7 48.88280912302123 2.2833971252197345 FIX 
00:00:00.00> DEFWPT C8 48.90068595878396 2.327337743798942 FIX 
00:00:00.00> DEFWPT C9 48.89992791925954 2.3919134594877685 FIX 
00:00:00.00> DEFWPT C10 48.88308849787223 2.4002888811396956 FIX 
00:00:00.00> DEFWPT C11 48.879416591444695 2.4075111651819454 FIX 
00:00:00.00> DEFWPT C12 48.870914294998826 2.413458928320642 FIX 
00:00:00.00> DEFWPT C13 48.83497314612253 2.4118202587732207 FIX 
00:00:00.00> DEFWPT C14 48.81595383927144 2.362478099874009 FIX 
00:00:00.00> DEFWPT IR0 48.823353727170776 2.3151096332862986 FLYBY 
00:00:00.00> DEFWPT IR1 48.82860551609542 2.292797152451238 FLYBY 
00:00:00.00> DEFWPT IR2 48.83617440831264 2.273060888527345 FLYBY 
00:00:00.00> DEFWPT IR3 48.83625300729016 2.259615549622129 FLYBY 
00:00:00.00> DEFWPT IR4 48.838373828485764 2.256157021140296 FLYBY 
00:00:00.00> DEFWPT IR5 48.846582569008575 2.2562738924003756 FLYBY 
00:00:00.00> DEFWPT IR6 48.85194911338015 2.2540494831536404 FLYBY 
00:00:00.00> DEFWPT IR7 48.881981410148136 2.284608052738307 FLYBY 
00:00:00.00> DEFWPT IR8 48.8995560749564 2.3278084835204575 FLYBY 
00:00:00.00> DEFWPT IR9 48.898818011612 2.390670171462439 FLYBY 
00:00:00.00> DEFWPT IR10 48.8824106441358 2.3988318844670173 FLYBY 
00:00:00.00> DEFWPT IR11 48.87869609771675 2.4061378259098425 FLYBY 
00:00:00.00> DEFWPT IR12 48.870684203043226 2.411743792041626 FLYBY 
00:00:00.00> DEFWPT IR13 48.83562855161663 2.4101465965434614 FLYBY 
00:00:00.00> DEFWPT IR14 48.81713992935169 2.3621773913948423 FLYBY 
00:00:00.00> DEFWPT OR0 48.82443968492165 2.315566038466749 FIX 
00:00:00.00> DEFWPT OR1 48.82962899014835 2.293518300864402 FIX 
00:00:00.00> DEFWPT OR2 48.837295771058066 2.273527732261784 FIX 
00:00:00.00> DEFWPT OR3 48.837373069346306 2.260292633418638 FIX 
00:00:00.00> DEFWPT OR4 48.83885833851445 2.257866744577336 FIX 
00:00:00.00> DEFWPT OR5 48.84672798118587 2.257979104147853 FIX 
00:00:00.00> DEFWPT OR6 48.851749998890526 2.25589725269481 FIX 
00:00:00.00> DEFWPT OR7 48.88115370750132 2.2858189802530697 FIX 
00:00:00.00> DEFWPT OR8 48.89842618846421 2.3282792232397393 FIX 
00:00:00.00> DEFWPT OR9 48.89770809164156 2.389426883440282 FIX 
00:00:00.00> DEFWPT OR10 48.881732803971445 2.397374887797939 FIX 
00:00:00.00> DEFWPT OR11 48.87797561721965 2.404764486641316 FIX 
00:00:00.00> DEFWPT OR12 48.8704541338165 2.4100286557643362 FIX 
00:00:00.00> DEFWPT OR13 48.83628396595803 2.408472934315771 FIX 
00:00:00.00> DEFWPT OR14 48.818326012709605 2.3618766829173 FIX 
00:00:00.00> DEFWPT OLT0 48.82006370461252 2.3139828985541646 FIX 
00:00:00.00> DEFWPT OLT1 48.82438472499718 2.3157989566008133 FIX 
00:00:00.00> DEFWPT OLT2 48.82546530596372 2.290929300006742 FIX 
00:00:00.00> DEFWPT OLT3 48.82952467308501 2.293789604149355 FIX 
00:00:00.00> DEFWPT OLT4 48.833110682598175 2.2708795692458437 FIX 
00:00:00.00> DEFWPT OLT5 48.837301025435764 2.2726240095459964 FIX 
00:00:00.00> DEFWPT OLT6 48.83288496239759 2.2589078927470134 FIX 
00:00:00.00> DEFWPT OLT7 48.83677716448283 2.261260829719953 FIX 
00:00:00.00> DEFWPT OLT8 48.83624515495922 2.2521248114161265 FIX 
00:00:00.00> DEFWPT OLT9 48.837868272874694 2.257852725931667 FIX 
00:00:00.00> DEFWPT OLT10 48.84645813801886 2.2511626699609235 FIX 
00:00:00.00> DEFWPT OLT11 48.84702867293531 2.2578548434014136 FIX 
00:00:00.00> DEFWPT OLT12 48.85155672948037 2.248915226658537 FIX 
00:00:00.00> DEFWPT OLT13 48.85089746207231 2.255032264302038 FIX 
00:00:00.00> DEFWPT OLT14 48.88405906531522 2.2805639260537585 FIX 
00:00:00.00> DEFWPT OLT15 48.880897103019244 2.285189814602037 FIX 
00:00:00.00> DEFWPT OLT16 48.90259726075395 2.325542602846747 FIX 
00:00:00.00> DEFWPT OLT17 48.89843829043187 2.3272754184840285 FIX 
00:00:00.00> DEFWPT OLT18 48.902175621085 2.3919728937971114 FIX 
00:00:00.00> DEFWPT OLT19 48.89922926085662 2.388672543011215 FIX 
00:00:00.00> DEFWPT OLT20 48.883787302529036 2.403528683008814 FIX 
00:00:00.00> DEFWPT OLT21 48.88131002420531 2.398203973951116 FIX 
00:00:00.00> DEFWPT OLT22 48.88119515857928 2.4095958115219775 FIX 
00:00:00.00> DEFWPT OLT23 48.87847699793495 2.404414781980626 FIX 
00:00:00.00> DEFWPT OLT24 48.871853966313864 2.4165547914212704 FIX 
00:00:00.00> DEFWPT OLT25 48.87098163182506 2.410052635964528 FIX 
00:00:00.00> DEFWPT OLT26 48.834905659919414 2.4152241024455963 FIX 
00:00:00.00> DEFWPT OLT27 48.83691277951642 2.4100986498800445 FIX 
00:00:00.00> DEFWPT OLT28 48.81401343683652 2.3641970203992924 FIX 
00:00:00.00> DEFWPT OLT29 48.818158180760236 2.3631463071177534 FIX 
00:00:00.00> DEFWPT ILT0 48.82116573827791 2.314318055979538 FIX 
00:00:00.00> DEFWPT ILT1 48.823326249398164 2.315226080287167 FIX 
00:00:00.00> DEFWPT ILT2 48.82652367747752 2.2915026399472924 FIX 
00:00:00.00> DEFWPT ILT3 48.828553362780866 2.292932787532509 FIX 
00:00:00.00> DEFWPT ILT4 48.83408186641893 2.271736790448621 FIX 
00:00:00.00> DEFWPT ILT5 48.83617703467959 2.2726090268330474 FIX 
00:00:00.00> DEFWPT ILT6 48.83400895201226 2.2589231789426973 FIX 
00:00:00.00> DEFWPT ILT7 48.835955058850274 2.2600996287704693 FIX 
00:00:00.00> DEFWPT ILT8 48.83706725040227 2.2532860355570503 FIX 
00:00:00.00> DEFWPT ILT9 48.83787881602646 2.2561500121736344 FIX 
00:00:00.00> DEFWPT ILT10 48.84644767212828 2.2528656756611793 FIX 
00:00:00.00> DEFWPT ILT11 48.846732938724564 2.256211752350438 FIX 
00:00:00.00> DEFWPT ILT12 48.85185249996222 2.2505584604563516 FIX 
00:00:00.00> DEFWPT ILT13 48.85152286326102 2.253617006583571 FIX 
00:00:00.00> DEFWPT ILT14 48.883434102903344 2.2819805432879146 FIX 
00:00:00.00> DEFWPT ILT15 48.881853116583514 2.2842934869945033 FIX 
00:00:00.00> DEFWPT ILT16 48.90164161334137 2.326440190435365 FIX 
00:00:00.00> DEFWPT ILT17 48.89956212472219 2.3273065804428494 FIX 
00:00:00.00> DEFWPT ILT18 48.90105177028617 2.391943175976166 FIX 
00:00:00.00> DEFWPT ILT19 48.899578601453385 2.390292989957072 FIX 
00:00:00.00> DEFWPT ILT20 48.883437911589006 2.4019087707897993 FIX 
00:00:00.00> DEFWPT ILT21 48.88219926581957 2.399246409064565 FIX 
00:00:00.00> DEFWPT ILT22 48.88030587979168 2.4085534698737 FIX 
00:00:00.00> DEFWPT ILT23 48.87894680510198 2.405962959082478 FIX 
00:00:00.00> DEFWPT ILT24 48.87138414106539 2.4150068453772517 FIX 
00:00:00.00> DEFWPT ILT25 48.87094797598997 2.4117557832853307 FIX 
00:00:00.00> DEFWPT ILT26 48.83493941558311 2.4135221817524095 FIX 
00:00:00.00> DEFWPT ILT27 48.835942966115034 2.410959470942831 FIX 
00:00:00.00> DEFWPT ILT28 48.814983641339914 2.3633375767211966 FIX 
00:00:00.00> DEFWPT ILT29 48.81705601060589 2.3628121961713844 FIX 
00:00:00.00> DEFWPT IRT0 48.823369802050024 2.3149884149189424 FIX 
00:00:00.00> DEFWPT IRT1 48.82120928907427 2.3140804000396575 FIX 
00:00:00.00> DEFWPT IRT2 48.828640411364525 2.292649392274367 FIX 
00:00:00.00> DEFWPT IRT3 48.82661072257643 2.2912192536572733 FIX 
00:00:00.00> DEFWPT IRT4 48.83602421444451 2.2734513322735723 FIX 
00:00:00.00> DEFWPT IRT5 48.83392905250058 2.272579063418204 FIX 
00:00:00.00> DEFWPT IRT6 48.83625693057472 2.258953753385901 FIX 
00:00:00.00> DEFWPT IRT7 48.834310812146626 2.257777340873676 FIX 
00:00:00.00> DEFWPT IRT8 48.83871140584494 2.255608597852112 FIX 
00:00:00.00> DEFWPT IRT9 48.837899826888574 2.252744582517802 FIX 
00:00:00.00> DEFWPT IRT10 48.846426664883076 2.2562716849281004 FIX 
00:00:00.00> DEFWPT IRT11 48.846141400011206 2.2529256283036196 FIX 
00:00:00.00> DEFWPT IRT12 48.85244397062086 2.253844986123638 FIX 
00:00:00.00> DEFWPT IRT13 48.85277361331609 2.250786385385923 FIX 
00:00:00.00> DEFWPT IRT14 48.88218412566969 2.284813671849875 FIX 
00:00:00.00> DEFWPT IRT15 48.88376512233186 2.28250072927555 FIX 
00:00:00.00> DEFWPT IRT16 48.8997302970822 2.328235262939697 FIX 
00:00:00.00> DEFWPT IRT17 48.90180979261716 2.327368908552424 FIX 
00:00:00.00> DEFWPT IRT18 48.89880406800511 2.391883744331807 FIX 
00:00:00.00> DEFWPT IRT19 48.90027721427453 2.3935339516024263 FIX 
00:00:00.00> DEFWPT IRT20 48.8827390613793 2.398669014059398 FIX 
00:00:00.00> DEFWPT IRT21 48.88397772036265 2.4013313901785915 FIX 
00:00:00.00> DEFWPT IRT22 48.87852729353901 2.40646889744465 FIX 
00:00:00.00> DEFWPT IRT23 48.87988635696238 2.4090594002787724 FIX 
00:00:00.00> DEFWPT IRT24 48.870444428114865 2.4119110402516735 FIX 
00:00:00.00> DEFWPT IRT25 48.8708805888517 2.415162071068762 FIX 
00:00:00.00> DEFWPT IRT26 48.835006851537614 2.4101183335097254 FIX 
00:00:00.00> DEFWPT IRT27 48.83400331953938 2.412681013373411 FIX 
00:00:00.00> DEFWPT IRT28 48.81692403063066 2.361618589855539 FIX 
00:00:00.00> DEFWPT IRT29 48.814851666756944 2.362144018224432 FIX 
00:00:00.00> DEFWPT ORT0 48.824471832156576 2.315323616435374 FIX 

00:00:00.00> DEFWPT ORT1 48.82015080434984 2.313507596102097 FIX 

00:00:00.00> DEFWPT ORT2 48.829698773737285 2.293222804664589 FIX 

00:00:00.00> DEFWPT ORT3 48.82563939267707 2.2903625363944906 FIX 

00:00:00.00> DEFWPT ORT4 48.8369953786484 2.2743086529001393 FIX 

00:00:00.00> DEFWPT ORT5 48.83280506107776 2.272564082716196 FIX 

00:00:00.00> DEFWPT ORT6 48.8373809195225 2.258969041633536 FIX 

00:00:00.00> DEFWPT ORT7 48.83348867107697 2.256616253922766 FIX 

00:00:00.00> DEFWPT ORT8 48.83953346584312 2.2567699360098628 FIX 

00:00:00.00> DEFWPT ORT9 48.83791029459889 2.2510418666234093 FIX 

00:00:00.00> DEFWPT ORT10 48.846416123528485 2.2579746884913545 FIX 

00:00:00.00> DEFWPT ORT11 48.84584559550964 2.251282595309968 FIX 

00:00:00.00> DEFWPT ORT12 48.85273967079666 2.2554882779909113 FIX 

00:00:00.00> DEFWPT ORT13 48.85339896218084 2.249371021905412 FIX 

00:00:00.00> DEFWPT ORT14 48.88155911084953 2.2862301831790153 FIX 

00:00:00.00> DEFWPT ORT15 48.884721114514925 2.2816042991597265 FIX 

00:00:00.00> DEFWPT ORT16 48.89877462823661 2.329132747859825 FIX 

00:00:00.00> DEFWPT ORT17 48.9029336262218 2.3274000747034127 FIX 

00:00:00.00> DEFWPT ORT18 48.897680216522865 2.391854030508168 FIX 

00:00:00.00> DEFWPT ORT19 48.90062648649773 2.395154466300172 FIX 

00:00:00.00> DEFWPT ORT20 48.88238960211083 2.397049169549773 FIX 

00:00:00.00> DEFWPT ORT21 48.88486693329021 2.402373936183305 FIX 

00:00:00.00> DEFWPT ORT22 48.87763798607521 2.405426666659719 FIX 

00:00:00.00> DEFWPT ORT23 48.88035610165429 2.4106076643726992 FIX 

00:00:00.00> DEFWPT ORT24 48.86997454041426 2.410363181170646 FIX 

00:00:00.00> DEFWPT ORT25 48.870846857548656 2.416865211527987 FIX 

00:00:00.00> DEFWPT ORT26 48.83504053182832 2.40841640596362 FIX 

00:00:00.00> DEFWPT ORT27 48.833033486366006 2.4135417347455874 FIX 

00:00:00.00> DEFWPT ORT28 48.81789421541709 2.360759046663601 FIX 

00:00:00.00> DEFWPT ORT29 48.81374949306249 2.361809951221452 FIX 

00:00:00.00> LINE OL_LINE0 48.82009586193824 2.313740417735347 48.82553511734677 2.290633707209901 
00:00:00.00> LINE IL_LINE0 48.82118181567946 2.3141968229176366 48.82655857969511 2.2913548556211865 
00:00:00.00> LINE OC_LINE0 48.822267770757115 2.3146532281007315 48.82758204594454 2.292076004035884 
00:00:00.00> LINE IR_LINE0 48.823353727170776 2.3151096332862986 48.82860551609542 2.292797152451238 
00:00:00.00> LINE OR_LINE0 48.82443968492165 2.315566038466749 48.82962899014835 2.293518300864402 

00:00:00.00> LINE OL_LINE1 48.82553511734677 2.290633707209901 48.8328103088806 2.2716603573182956 
00:00:00.00> LINE IL_LINE1 48.82655857969511 2.2913548556211865 48.83393167722396 2.2721272010530438 
00:00:00.00> LINE OC_LINE1 48.82758204594454 2.292076004035884 48.8350530437012 2.272594044790469 
00:00:00.00> LINE IR_LINE1 48.82860551609542 2.292797152451238 48.83617440831264 2.273060888527345 
00:00:00.00> LINE OR_LINE1 48.82962899014835 2.293518300864402 48.837295771058066 2.273527732261784 

00:00:00.00> LINE OL_LINE2 48.8328103088806 2.2716603573182956 48.83289279814418 2.2575842982263112 
00:00:00.00> LINE IL_LINE2 48.83393167722396 2.2721272010530438 48.834012871689296 2.258261382022783 
00:00:00.00> LINE OC_LINE2 48.8350530437012 2.272594044790469 48.83513294140463 2.258938465822307 
00:00:00.00> LINE IR_LINE2 48.83617440831264 2.273060888527345 48.83625300729016 2.259615549622129 
00:00:00.00> LINE OR_LINE2 48.837295771058066 2.273527732261784 48.837373069346306 2.260292633418638 

00:00:00.00> LINE OL_LINE3 48.83289279814418 2.2575842982263112 48.836920391838404 2.251027850826314 
00:00:00.00> LINE IL_LINE3 48.834012871689296 2.258261382022783 48.83740485514915 2.252737574263275 
00:00:00.00> LINE OC_LINE3 48.83513294140463 2.258938465822307 48.83788933403108 2.254447297701778 
00:00:00.00> LINE IR_LINE3 48.83625300729016 2.259615549622129 48.838373828485764 2.256157021140296 
00:00:00.00> LINE OR_LINE3 48.837373069346306 2.260292633418638 48.83885833851445 2.257866744577336 

00:00:00.00> LINE OL_LINE4 48.836920391838404 2.251027850826314 48.846146477980284 2.251158257153701 
00:00:00.00> LINE IL_LINE4 48.83740485514915 2.252737574263275 48.846291817407426 2.252863468901358 
00:00:00.00> LINE OC_LINE4 48.83788933403108 2.254447297701778 48.84643718108302 2.2545686806508067 
00:00:00.00> LINE IR_LINE4 48.838373828485764 2.256157021140296 48.846582569008575 2.2562738924003756 
00:00:00.00> LINE OR_LINE4 48.83885833851445 2.257866744577336 48.84672798118587 2.257979104147853 

00:00:00.00> LINE OL_LINE5 48.846146477980284 2.251158257153701 48.85254657168936 2.24850617452843 
00:00:00.00> LINE IL_LINE5 48.846291817407426 2.252863468901358 48.85234739977869 2.250353944069881 
00:00:00.00> LINE OC_LINE5 48.84643718108302 2.2545686806508067 48.85214824700921 2.2522017136117505 
00:00:00.00> LINE IR_LINE5 48.846582569008575 2.2562738924003756 48.85194911338015 2.2540494831536404 
00:00:00.00> LINE OR_LINE5 48.84672798118587 2.257979104147853 48.851749998890526 2.25589725269481 

00:00:00.00> LINE OL_LINE6 48.85254657168936 2.24850617452843 48.884464579452796 2.2809752701876187 
00:00:00.00> LINE IL_LINE6 48.85234739977869 2.250353944069881 48.883636846122236 2.2821861977014297 
00:00:00.00> LINE OC_LINE6 48.85214824700921 2.2522017136117505 48.88280912302123 2.2833971252197345 
00:00:00.00> LINE IR_LINE6 48.85194911338015 2.2540494831536404 48.881981410148136 2.284608052738307 
00:00:00.00> LINE OR_LINE6 48.851749998890526 2.25589725269481 48.88115370750132 2.2858189802530697 

00:00:00.00> LINE OL_LINE7 48.884464579452796 2.2809752701876187 48.90294571844487 2.326396264358652 
00:00:00.00> LINE IL_LINE7 48.883636846122236 2.2821861977014297 48.9018158399469 2.3268670040776533 
00:00:00.00> LINE OC_LINE7 48.88280912302123 2.2833971252197345 48.90068595878396 2.327337743798942 
00:00:00.00> LINE IR_LINE7 48.881981410148136 2.284608052738307 48.8995560749564 2.3278084835204575 
00:00:00.00> LINE OR_LINE7 48.88115370750132 2.2858189802530697 48.89842618846421 2.3282792232397393 

00:00:00.00> LINE OL_LINE8 48.90294571844487 2.326396264358652 48.902147697586926 2.3944000355352015 
00:00:00.00> LINE IL_LINE8 48.9018158399469 2.3268670040776533 48.901037814584406 2.3931567475130855 
00:00:00.00> LINE OC_LINE8 48.90068595878396 2.327337743798942 48.89992791925954 2.3919134594877685 
00:00:00.00> LINE IR_LINE8 48.8995560749564 2.3278084835204575 48.898818011612 2.390670171462439 
00:00:00.00> LINE OR_LINE8 48.89842618846421 2.3282792232397393 48.89770809164156 2.389426883440282 

00:00:00.00> LINE OL_LINE9 48.902147697586926 2.3944000355352015 48.88444424606979 2.403202874481796 
00:00:00.00> LINE IL_LINE9 48.901037814584406 2.3931567475130855 48.88376636518272 2.4017458778123904 
00:00:00.00> LINE OC_LINE9 48.89992791925954 2.3919134594877685 48.88308849787223 2.4002888811396956 
00:00:00.00> LINE IR_LINE9 48.898818011612 2.390670171462439 48.8824106441358 2.3988318844670173 
00:00:00.00> LINE OR_LINE9 48.89770809164156 2.389426883440282 48.881732803971445 2.397374887797939 

00:00:00.00> LINE OL_LINE10 48.88444424606979 2.403202874481796 48.88085761860266 2.410257843721843 
00:00:00.00> LINE IL_LINE10 48.88376636518272 2.4017458778123904 48.880137098405896 2.4088845044541944 
00:00:00.00> LINE OC_LINE10 48.88308849787223 2.4002888811396956 48.879416591444695 2.4075111651819454 
00:00:00.00> LINE IR_LINE10 48.8824106441358 2.3988318844670173 48.87869609771675 2.4061378259098425 
00:00:00.00> LINE OR_LINE10 48.881732803971445 2.397374887797939 48.87797561721965 2.404764486641316 

00:00:00.00> LINE OL_LINE11 48.88085761860266 2.410257843721843 48.87137454710148 2.416889200876933 
00:00:00.00> LINE IL_LINE11 48.880137098405896 2.4088845044541944 48.87114440968452 2.415174064599594 
00:00:00.00> LINE OC_LINE11 48.879416591444695 2.4075111651819454 48.870914294998826 2.413458928320642 
00:00:00.00> LINE IR_LINE11 48.87869609771675 2.4061378259098425 48.870684203043226 2.411743792041626 
00:00:00.00> LINE OR_LINE11 48.87797561721965 2.404764486641316 48.8704541338165 2.4100286557643362 

00:00:00.00> LINE OL_LINE12 48.87137454710148 2.416889200876933 48.833662361669255 2.4151675832306574 
00:00:00.00> LINE IL_LINE12 48.87114440968452 2.415174064599594 48.83431774947388 2.4134939210029183 
00:00:00.00> LINE OC_LINE12 48.870914294998826 2.413458928320642 48.83497314612253 2.4118202587732207 
00:00:00.00> LINE IR_LINE12 48.870684203043226 2.411743792041626 48.83562855161663 2.4101465965434614 
00:00:00.00> LINE OR_LINE12 48.8704541338165 2.4100286557643362 48.83628396595803 2.408472934315771 

00:00:00.00> LINE OL_LINE13 48.833662361669255 2.4151675832306574 48.813581638946545 2.36307951683023 
00:00:00.00> LINE IL_LINE13 48.83431774947388 2.4134939210029183 48.81476774246963 2.3627788083527483 
00:00:00.00> LINE OC_LINE13 48.83497314612253 2.4118202587732207 48.81595383927144 2.362478099874009 
00:00:00.00> LINE IR_LINE13 48.83562855161663 2.4101465965434614 48.81713992935169 2.3621773913948423 
00:00:00.00> LINE OR_LINE13 48.83628396595803 2.408472934315771 48.818326012709605 2.3618766829173 

00:00:00.00> LINE OL_LINE16 48.82009586193824 2.313740417735347 48.813581638946545 2.36307951683023 
00:00:00.00> LINE IL_LINE16 48.82118181567946 2.3141968229176366 48.81476774246963 2.3627788083527483 
00:00:00.00> LINE OC_LINE16 48.822267770757115 2.3146532281007315 48.81595383927144 2.362478099874009 
00:00:00.00> LINE IR_LINE16 48.823353727170776 2.3151096332862986 48.81713992935169 2.3621773913948423 
00:00:00.00> LINE OR_LINE16 48.82443968492165 2.315566038466749 48.818326012709605 2.3618766829173 
00:00:00.00> FF 

00:01:15.00> CRE UAV1 M100 48.81889892292827 2.2978242780325697 330.92471919155287 1 0 
00:01:15.00> ORIG UAV1 48.81889892292827 2.2978242780325697 
00:01:15.00> DEST UAV1 48.8162192492099 2.3626355447351193 
00:01:15.00> ADDWPT UAV1 48.82655857969511 2.2913548556211865 490 35 
00:01:15.00> ADDWPT UAV1 48.82118181567946 2.3141968229176366 490 35 
00:01:15.00> ADDWPT UAV1 48.81476774246963 2.3627788083527483 490 35 
00:01:15.00> UAV1 VS 780 
00:01:15.00> UAV1 ALT 330 
00:01:15.00> UAV1 ATALT 330 UAV1 LNAV ON 
00:01:15.00> UAV1 ATALT 330 SPD UAV1 10 
00:01:15.00> UAV1 AT UAV1001 DO UAV1 ALT 490 
00:01:15.00> UAV1 AT UAV1001 DO UAV1 SPD 35 
00:01:15.00> UAV1 AT UAV1003 DO UAV1 ALT 330 
00:01:15.00> UAV1 AT UAV1003 DO UAV1 SPD 10 
00:01:15.00> UAV1 ATDIST 48.8162192492099 2.3626355447351193 0.03 UAV1 SPD 10 
00:01:15.00> UAV1 ATDIST 48.8162192492099 2.3626355447351193 0.001 UAV1 SPD 0 
00:01:15.00> UAV1 ATDIST 48.8162192492099 2.3626355447351193 0.8 UAV1 ATSPD 0 UAV1 ALT 0 
00:01:15.00> UAV1 ATALT 0 UAV1 DELRTE 
00:01:15.00> UAV1 ATALT 0 DEL UAV1 


00:02:15.00> CRE UAV2 Phan4 48.833278625642066 2.280106057635643 277.0908863363914 1 0 
00:02:15.00> ORIG UAV2 48.833278625642066 2.280106057635643 
00:02:15.00> DEST UAV2 48.8569833447377 2.315806036092466 
00:02:15.00> ADDWPT UAV2 48.83393167722396 2.2721272010530438 440 25 
00:02:15.00> ADDWPT UAV2 48.82655857969511 2.2913548556211865 440 25 
00:02:15.00> UAV2 VS 780 
00:02:15.00> UAV2 ALT 330 
00:02:15.00> UAV2 ATALT 330 UAV2 LNAV ON 
00:02:15.00> UAV2 ATALT 330 SPD UAV2 10 
00:02:15.00> UAV2 AT UAV2001 DO UAV2 ALT 440 
00:02:15.00> UAV2 AT UAV2001 DO UAV2 SPD 25 
00:02:15.00> UAV2 AT UAV2002 DO UAV2 ALT 330 
00:02:15.00> UAV2 AT UAV2002 DO UAV2 SPD 10 
00:02:15.00> UAV2 ATDIST 48.8569833447377 2.315806036092466 0.03 UAV2 SPD 10 
00:02:15.00> UAV2 ATDIST 48.8569833447377 2.315806036092466 0.001 UAV2 SPD 0 
00:02:15.00> UAV2 ATDIST 48.8569833447377 2.315806036092466 0.8 UAV2 ATSPD 0 UAV2 ALT 0 
00:02:15.00> UAV2 ATALT 0 UAV2 DELRTE 
00:02:15.00> UAV2 ATALT 0 DEL UAV2 


00:03:47.00> CRE UAV3 M600 48.81437773468391 2.3288460716478965 335.0842080120085 1 0 
00:03:47.00> ORIG UAV3 48.81437773468391 2.3288460716478965 
00:03:47.00> DEST UAV3 48.839155822136014 2.3113575324587767 
00:03:47.00> UAV3 VS 980 
00:03:47.00> UAV3 ALT 330 
00:03:47.00> UAV3 ATALT 330 UAV3 LNAV ON 
00:03:47.00> UAV3 ATALT 330 SPD UAV3 10 
00:03:47.00> UAV3 ATDIST 48.839155822136014 2.3113575324587767 0.03 UAV3 SPD 10 
00:03:47.00> UAV3 ATDIST 48.839155822136014 2.3113575324587767 0.001 UAV3 SPD 0 
00:03:47.00> UAV3 ATDIST 48.839155822136014 2.3113575324587767 0.8 UAV3 ATSPD 0 UAV3 ALT 0 
00:03:47.00> UAV3 ATALT 0 UAV3 DELRTE 
00:03:47.00> UAV3 ATALT 0 DEL UAV3 


00:03:50.00> CRE UAV4 Amzn 48.85859644572821 2.320157238479128 315.0884813405024 1 0 
00:03:50.00> ORIG UAV4 48.85859644572821 2.320157238479128 
00:03:50.00> DEST UAV4 48.818453374566 2.346516729692342 
00:03:50.00> ADDWPT UAV4 48.883636846122236 2.2821861977014297 540 40 
00:03:50.00> ADDWPT UAV4 48.85234739977869 2.250353944069881 540 40 
00:03:50.00> ADDWPT UAV4 48.846291817407426 2.252863468901358 540 40 
00:03:50.00> ADDWPT UAV4 48.83740485514915 2.252737574263275 540 40 
00:03:50.00> ADDWPT UAV4 48.834012871689296 2.258261382022783 540 40 
00:03:50.00> ADDWPT UAV4 48.83393167722396 2.2721272010530438 540 40 
00:03:50.00> ADDWPT UAV4 48.82655857969511 2.2913548556211865 540 40 
00:03:50.00> ADDWPT UAV4 48.82118181567946 2.3141968229176366 540 40 
00:03:50.00> ADDWPT UAV4 48.81476774246963 2.3627788083527483 540 40 
00:03:50.00> UAV4 VS 1570 
00:03:50.00> UAV4 ALT 330 
00:03:50.00> UAV4 ATALT 330 UAV4 LNAV ON 
00:03:50.00> UAV4 ATALT 330 SPD UAV4 10 
00:03:50.00> UAV4 AT UAV4001 DO UAV4 ALT 540 
00:03:50.00> UAV4 AT UAV4001 DO UAV4 SPD 40 
00:03:50.00> UAV4 AT UAV4009 DO UAV4 ALT 330 
00:03:50.00> UAV4 AT UAV4009 DO UAV4 SPD 10 
00:03:50.00> UAV4 ATDIST 48.818453374566 2.346516729692342 0.03 UAV4 SPD 10 
00:03:50.00> UAV4 ATDIST 48.818453374566 2.346516729692342 0.001 UAV4 SPD 0 
00:03:50.00> UAV4 ATDIST 48.818453374566 2.346516729692342 0.8 UAV4 ATSPD 0 UAV4 ALT 0 
00:03:50.00> UAV4 ATALT 0 UAV4 DELRTE 
00:03:50.00> UAV4 ATALT 0 DEL UAV4 


00:03:54.00> CRE UAV5 Phan4 48.90603015288374 2.306681274806326 107.6131014786331 1 0 
00:03:54.00> ORIG UAV5 48.90603015288374 2.306681274806326 
00:03:54.00> DEST UAV5 48.875389084369644 2.3027487761508203 
00:03:54.00> ADDWPT UAV5 48.9018158399469 2.3268670040776533 440 25 
00:03:54.00> ADDWPT UAV5 48.883636846122236 2.2821861977014297 440 25 
00:03:54.00> UAV5 VS 780 
00:03:54.00> UAV5 ALT 330 
00:03:54.00> UAV5 ATALT 330 UAV5 LNAV ON 
00:03:54.00> UAV5 ATALT 330 SPD UAV5 10 
00:03:54.00> UAV5 AT UAV5001 DO UAV5 ALT 440 
00:03:54.00> UAV5 AT UAV5001 DO UAV5 SPD 25 
00:03:54.00> UAV5 AT UAV5002 DO UAV5 ALT 330 
00:03:54.00> UAV5 AT UAV5002 DO UAV5 SPD 10 
00:03:54.00> UAV5 ATDIST 48.875389084369644 2.3027487761508203 0.03 UAV5 SPD 10 
00:03:54.00> UAV5 ATDIST 48.875389084369644 2.3027487761508203 0.001 UAV5 SPD 0 
00:03:54.00> UAV5 ATDIST 48.875389084369644 2.3027487761508203 0.8 UAV5 ATSPD 0 UAV5 ALT 0 
00:03:54.00> UAV5 ATALT 0 UAV5 DELRTE 
00:03:54.00> UAV5 ATALT 0 DEL UAV5 


00:03:55.00> CRE UAV6 Phan4 48.846369155173974 2.2566803735492407 308.58367140524604 1 0 
00:03:55.00> ORIG UAV6 48.846369155173974 2.2566803735492407 
00:03:55.00> DEST UAV6 48.872580283055065 2.2942701105179637 
00:03:55.00> ADDWPT UAV6 48.846582569008575 2.2562738924003756 440 25 
00:03:55.00> ADDWPT UAV6 48.85194911338015 2.2540494831536404 440 25 
00:03:55.00> ADDWPT UAV6 48.881981410148136 2.284608052738307 440 25 
00:03:55.00> UAV6 VS 780 
00:03:55.00> UAV6 ALT 330 
00:03:55.00> UAV6 ATALT 330 UAV6 LNAV ON 
00:03:55.00> UAV6 ATALT 330 SPD UAV6 10 
00:03:55.00> UAV6 AT UAV6001 DO UAV6 ALT 440 
00:03:55.00> UAV6 AT UAV6001 DO UAV6 SPD 25 
00:03:55.00> UAV6 AT UAV6003 DO UAV6 ALT 330 
00:03:55.00> UAV6 AT UAV6003 DO UAV6 SPD 10 
00:03:55.00> UAV6 ATDIST 48.872580283055065 2.2942701105179637 0.03 UAV6 SPD 10 
00:03:55.00> UAV6 ATDIST 48.872580283055065 2.2942701105179637 0.001 UAV6 SPD 0 
00:03:55.00> UAV6 ATDIST 48.872580283055065 2.2942701105179637 0.8 UAV6 ATSPD 0 UAV6 ALT 0 
00:03:55.00> UAV6 ATALT 0 UAV6 DELRTE 
00:03:55.00> UAV6 ATALT 0 DEL UAV6 


00:04:21.00> CRE UAV7 M600 48.86728570208988 2.3283222257236744 298.33613116572013 1 0 
00:04:21.00> ORIG UAV7 48.86728570208988 2.3283222257236744 
00:04:21.00> DEST UAV7 48.84819420175289 2.2746277579182284 
00:04:21.00> ADDWPT UAV7 48.883636846122236 2.2821861977014297 390 20 
00:04:21.00> ADDWPT UAV7 48.85234739977869 2.250353944069881 390 20 
00:04:21.00> ADDWPT UAV7 48.846291817407426 2.252863468901358 390 20 
00:04:21.00> ADDWPT UAV7 48.83740485514915 2.252737574263275 390 20 
00:04:21.00> ADDWPT UAV7 48.834012871689296 2.258261382022783 390 20 
00:04:21.00> ADDWPT UAV7 48.83393167722396 2.2721272010530438 390 20 
00:04:21.00> UAV7 VS 980 
00:04:21.00> UAV7 ALT 330 
00:04:21.00> UAV7 ATALT 330 UAV7 LNAV ON 
00:04:21.00> UAV7 ATALT 330 SPD UAV7 10 
00:04:21.00> UAV7 AT UAV7001 DO UAV7 ALT 390 
00:04:21.00> UAV7 AT UAV7001 DO UAV7 SPD 20 
00:04:21.00> UAV7 AT UAV7006 DO UAV7 ALT 330 
00:04:21.00> UAV7 AT UAV7006 DO UAV7 SPD 10 
00:04:21.00> UAV7 ATDIST 48.84819420175289 2.2746277579182284 0.03 UAV7 SPD 10 
00:04:21.00> UAV7 ATDIST 48.84819420175289 2.2746277579182284 0.001 UAV7 SPD 0 
00:04:21.00> UAV7 ATDIST 48.84819420175289 2.2746277579182284 0.8 UAV7 ATSPD 0 UAV7 ALT 0 
00:04:21.00> UAV7 ATALT 0 UAV7 DELRTE 
00:04:21.00> UAV7 ATALT 0 DEL UAV7 


00:05:42.00> CRE UAV8 Amzn 48.89668154044333 2.265316260124198 139.2020213599144 1 0 
00:05:42.00> ORIG UAV8 48.89668154044333 2.265316260124198 
00:05:42.00> DEST UAV8 48.909221756480605 2.31696771383868 
00:05:42.00> ADDWPT UAV8 48.881981410148136 2.284608052738307 540 40 
00:05:42.00> ADDWPT UAV8 48.8995560749564 2.3278084835204575 540 40 
00:05:42.00> UAV8 VS 1570 
00:05:42.00> UAV8 ALT 330 
00:05:42.00> UAV8 ATALT 330 UAV8 LNAV ON 
00:05:42.00> UAV8 ATALT 330 SPD UAV8 10 
00:05:42.00> UAV8 AT UAV8001 DO UAV8 ALT 540 
00:05:42.00> UAV8 AT UAV8001 DO UAV8 SPD 40 
00:05:42.00> UAV8 AT UAV8002 DO UAV8 ALT 330 
00:05:42.00> UAV8 AT UAV8002 DO UAV8 SPD 10 
00:05:42.00> UAV8 ATDIST 48.909221756480605 2.31696771383868 0.03 UAV8 SPD 10 
00:05:42.00> UAV8 ATDIST 48.909221756480605 2.31696771383868 0.001 UAV8 SPD 0 
00:05:42.00> UAV8 ATDIST 48.909221756480605 2.31696771383868 0.8 UAV8 ATSPD 0 UAV8 ALT 0 
00:05:42.00> UAV8 ATALT 0 UAV8 DELRTE 
00:05:42.00> UAV8 ATALT 0 DEL UAV8 


00:06:01.00> CRE UAV9 M100 48.84832862393595 2.274367918999166 261.81777372315895 1 0 
00:06:01.00> ORIG UAV9 48.84832862393595 2.274367918999166 
00:06:01.00> DEST UAV9 48.82031634498213 2.2906778493053133 
00:06:01.00> ADDWPT UAV9 48.846291817407426 2.252863468901358 490 35 
00:06:01.00> ADDWPT UAV9 48.83740485514915 2.252737574263275 490 35 
00:06:01.00> ADDWPT UAV9 48.834012871689296 2.258261382022783 490 35 
00:06:01.00> ADDWPT UAV9 48.83393167722396 2.2721272010530438 490 35 
00:06:01.00> ADDWPT UAV9 48.82655857969511 2.2913548556211865 490 35 
00:06:01.00> UAV9 VS 780 
00:06:01.00> UAV9 ALT 330 
00:06:01.00> UAV9 ATALT 330 UAV9 LNAV ON 
00:06:01.00> UAV9 ATALT 330 SPD UAV9 10 
00:06:01.00> UAV9 AT UAV9001 DO UAV9 ALT 490 
00:06:01.00> UAV9 AT UAV9001 DO UAV9 SPD 35 
00:06:01.00> UAV9 AT UAV9005 DO UAV9 ALT 330 
00:06:01.00> UAV9 AT UAV9005 DO UAV9 SPD 10 
00:06:01.00> UAV9 ATDIST 48.82031634498213 2.2906778493053133 0.03 UAV9 SPD 10 
00:06:01.00> UAV9 ATDIST 48.82031634498213 2.2906778493053133 0.001 UAV9 SPD 0 
00:06:01.00> UAV9 ATDIST 48.82031634498213 2.2906778493053133 0.8 UAV9 ATSPD 0 UAV9 ALT 0 
00:06:01.00> UAV9 ATALT 0 UAV9 DELRTE 
00:06:01.00> UAV9 ATALT 0 DEL UAV9 


00:06:56.00> CRE UAV10 Phan4 48.90361668252876 2.366769635828964 98.44668071933893 1 0 
00:06:56.00> ORIG UAV10 48.90361668252876 2.366769635828964 
00:06:56.00> DEST UAV10 48.91066443828533 2.3229970643182725 
00:06:56.00> ADDWPT UAV10 48.901037814584406 2.3931567475130855 440 25 
00:06:56.00> ADDWPT UAV10 48.9018158399469 2.3268670040776533 440 25 
00:06:56.00> UAV10 VS 780 
00:06:56.00> UAV10 ALT 330 
00:06:56.00> UAV10 ATALT 330 UAV10 LNAV ON 
00:06:56.00> UAV10 ATALT 330 SPD UAV10 10 
00:06:56.00> UAV10 AT UAV10001 DO UAV10 ALT 440 
00:06:56.00> UAV10 AT UAV10001 DO UAV10 SPD 25 
00:06:56.00> UAV10 AT UAV10002 DO UAV10 ALT 330 
00:06:56.00> UAV10 AT UAV10002 DO UAV10 SPD 10 
00:06:56.00> UAV10 ATDIST 48.91066443828533 2.3229970643182725 0.03 UAV10 SPD 10 
00:06:56.00> UAV10 ATDIST 48.91066443828533 2.3229970643182725 0.001 UAV10 SPD 0 
00:06:56.00> UAV10 ATDIST 48.91066443828533 2.3229970643182725 0.8 UAV10 ATSPD 0 UAV10 ALT 0 
00:06:56.00> UAV10 ATALT 0 UAV10 DELRTE 
00:06:56.00> UAV10 ATALT 0 DEL UAV10 


00:08:17.00> CRE UAV11 M600 48.85861826160797 2.289760558743336 351.7479850020845 1 0 
00:08:17.00> ORIG UAV11 48.85861826160797 2.289760558743336 
00:08:17.00> DEST UAV11 48.877223915149685 2.340148255233083 
00:08:17.00> ADDWPT UAV11 48.881981410148136 2.284608052738307 390 20 
00:08:17.00> ADDWPT UAV11 48.8995560749564 2.3278084835204575 390 20 
00:08:17.00> UAV11 VS 980 
00:08:17.00> UAV11 ALT 330 
00:08:17.00> UAV11 ATALT 330 UAV11 LNAV ON 
00:08:17.00> UAV11 ATALT 330 SPD UAV11 10 
00:08:17.00> UAV11 AT UAV11001 DO UAV11 ALT 390 
00:08:17.00> UAV11 AT UAV11001 DO UAV11 SPD 20 
00:08:17.00> UAV11 AT UAV11002 DO UAV11 ALT 330 
00:08:17.00> UAV11 AT UAV11002 DO UAV11 SPD 10 
00:08:17.00> UAV11 ATDIST 48.877223915149685 2.340148255233083 0.03 UAV11 SPD 10 
00:08:17.00> UAV11 ATDIST 48.877223915149685 2.340148255233083 0.001 UAV11 SPD 0 
00:08:17.00> UAV11 ATDIST 48.877223915149685 2.340148255233083 0.8 UAV11 ATSPD 0 UAV11 ALT 0 
00:08:17.00> UAV11 ATALT 0 UAV11 DELRTE 
00:08:17.00> UAV11 ATALT 0 DEL UAV11 


00:08:39.00> CRE UAV12 M600 48.91256554938796 2.355548736245927 205.01933733521287 1 0 
00:08:39.00> ORIG UAV12 48.91256554938796 2.355548736245927 
00:08:39.00> DEST UAV12 48.8720195316748 2.326780806653854 
00:08:39.00> UAV12 VS 980 
00:08:39.00> UAV12 ALT 330 
00:08:39.00> UAV12 ATALT 330 UAV12 LNAV ON 
00:08:39.00> UAV12 ATALT 330 SPD UAV12 10 
00:08:39.00> UAV12 ATDIST 48.8720195316748 2.326780806653854 0.03 UAV12 SPD 10 
00:08:39.00> UAV12 ATDIST 48.8720195316748 2.326780806653854 0.001 UAV12 SPD 0 
00:08:39.00> UAV12 ATDIST 48.8720195316748 2.326780806653854 0.8 UAV12 ATSPD 0 UAV12 ALT 0 
00:08:39.00> UAV12 ATALT 0 UAV12 DELRTE 
00:08:39.00> UAV12 ATALT 0 DEL UAV12 


00:09:30.00> CRE UAV13 Phan4 48.889876088293654 2.2918440553019317 225.51004195386207 1 0 
00:09:30.00> ORIG UAV13 48.889876088293654 2.2918440553019317 
00:09:30.00> DEST UAV13 48.85309000467723 2.319082340796222 
00:09:30.00> ADDWPT UAV13 48.883636846122236 2.2821861977014297 440 25 
00:09:30.00> ADDWPT UAV13 48.85234739977869 2.250353944069881 440 25 
00:09:30.00> ADDWPT UAV13 48.846291817407426 2.252863468901358 440 25 
00:09:30.00> ADDWPT UAV13 48.83740485514915 2.252737574263275 440 25 
00:09:30.00> ADDWPT UAV13 48.834012871689296 2.258261382022783 440 25 
00:09:30.00> ADDWPT UAV13 48.83393167722396 2.2721272010530438 440 25 
00:09:30.00> ADDWPT UAV13 48.82655857969511 2.2913548556211865 440 25 
00:09:30.00> ADDWPT UAV13 48.82118181567946 2.3141968229176366 440 25 
00:09:30.00> UAV13 VS 780 
00:09:30.00> UAV13 ALT 330 
00:09:30.00> UAV13 ATALT 330 UAV13 LNAV ON 
00:09:30.00> UAV13 ATALT 330 SPD UAV13 10 
00:09:30.00> UAV13 AT UAV13001 DO UAV13 ALT 440 
00:09:30.00> UAV13 AT UAV13001 DO UAV13 SPD 25 
00:09:30.00> UAV13 AT UAV13008 DO UAV13 ALT 330 
00:09:30.00> UAV13 AT UAV13008 DO UAV13 SPD 10 
00:09:30.00> UAV13 ATDIST 48.85309000467723 2.319082340796222 0.03 UAV13 SPD 10 
00:09:30.00> UAV13 ATDIST 48.85309000467723 2.319082340796222 0.001 UAV13 SPD 0 
00:09:30.00> UAV13 ATDIST 48.85309000467723 2.319082340796222 0.8 UAV13 ATSPD 0 UAV13 ALT 0 
00:09:30.00> UAV13 ATALT 0 UAV13 DELRTE 
00:09:30.00> UAV13 ATALT 0 DEL UAV13 


00:10:05.00> CRE UAV14 M100 48.82479870871971 2.367084131216406 195.7819177359489 1 0 
00:10:05.00> ORIG UAV14 48.82479870871971 2.367084131216406 
00:10:05.00> DEST UAV14 48.84392003601049 2.4228001864720077 
00:10:05.00> ADDWPT UAV14 48.81476774246963 2.3627788083527483 490 35 
00:10:05.00> ADDWPT UAV14 48.83431774947388 2.4134939210029183 490 35 
00:10:05.00> UAV14 VS 780 
00:10:05.00> UAV14 ALT 330 
00:10:05.00> UAV14 ATALT 330 UAV14 LNAV ON 
00:10:05.00> UAV14 ATALT 330 SPD UAV14 10 
00:10:05.00> UAV14 AT UAV14001 DO UAV14 ALT 490 
00:10:05.00> UAV14 AT UAV14001 DO UAV14 SPD 35 
00:10:05.00> UAV14 AT UAV14002 DO UAV14 ALT 330 
00:10:05.00> UAV14 AT UAV14002 DO UAV14 SPD 10 
00:10:05.00> UAV14 ATDIST 48.84392003601049 2.4228001864720077 0.03 UAV14 SPD 10 
00:10:05.00> UAV14 ATDIST 48.84392003601049 2.4228001864720077 0.001 UAV14 SPD 0 
00:10:05.00> UAV14 ATDIST 48.84392003601049 2.4228001864720077 0.8 UAV14 ATSPD 0 UAV14 ALT 0 
00:10:05.00> UAV14 ATALT 0 UAV14 DELRTE 
00:10:05.00> UAV14 ATALT 0 DEL UAV14 


00:10:09.00> CRE UAV15 M600 48.888020807129344 2.371204723867918 47.94329252973915 1 0 
00:10:09.00> ORIG UAV15 48.888020807129344 2.371204723867918 
00:10:09.00> DEST UAV15 48.872436251426016 2.3073430261926684 
00:10:09.00> ADDWPT UAV15 48.901037814584406 2.3931567475130855 390 20 
00:10:09.00> ADDWPT UAV15 48.9018158399469 2.3268670040776533 390 20 
00:10:09.00> ADDWPT UAV15 48.883636846122236 2.2821861977014297 390 20 
00:10:09.00> UAV15 VS 980 
00:10:09.00> UAV15 ALT 330 
00:10:09.00> UAV15 ATALT 330 UAV15 LNAV ON 
00:10:09.00> UAV15 ATALT 330 SPD UAV15 10 
00:10:09.00> UAV15 AT UAV15001 DO UAV15 ALT 390 
00:10:09.00> UAV15 AT UAV15001 DO UAV15 SPD 20 
00:10:09.00> UAV15 AT UAV15003 DO UAV15 ALT 330 
00:10:09.00> UAV15 AT UAV15003 DO UAV15 SPD 10 
00:10:09.00> UAV15 ATDIST 48.872436251426016 2.3073430261926684 0.03 UAV15 SPD 10 
00:10:09.00> UAV15 ATDIST 48.872436251426016 2.3073430261926684 0.001 UAV15 SPD 0 
00:10:09.00> UAV15 ATDIST 48.872436251426016 2.3073430261926684 0.8 UAV15 ATSPD 0 UAV15 ALT 0 
00:10:09.00> UAV15 ATALT 0 UAV15 DELRTE 
00:10:09.00> UAV15 ATALT 0 DEL UAV15 


00:10:14.00> CRE UAV16 Amzn 48.84833745822982 2.3473292536799266 220.33854225928204 1 0 
00:10:14.00> ORIG UAV16 48.84833745822982 2.3473292536799266 
00:10:14.00> DEST UAV16 48.82850087537719 2.302527967177572 
00:10:14.00> ADDWPT UAV16 48.823353727170776 2.3151096332862986 540 40 
00:10:14.00> ADDWPT UAV16 48.82860551609542 2.292797152451238 540 40 
00:10:14.00> UAV16 VS 1570 
00:10:14.00> UAV16 ALT 330 
00:10:14.00> UAV16 ATALT 330 UAV16 LNAV ON 
00:10:14.00> UAV16 ATALT 330 SPD UAV16 10 
00:10:14.00> UAV16 AT UAV16001 DO UAV16 ALT 540 
00:10:14.00> UAV16 AT UAV16001 DO UAV16 SPD 40 
00:10:14.00> UAV16 AT UAV16002 DO UAV16 ALT 330 
00:10:14.00> UAV16 AT UAV16002 DO UAV16 SPD 10 
00:10:14.00> UAV16 ATDIST 48.82850087537719 2.302527967177572 0.03 UAV16 SPD 10 
00:10:14.00> UAV16 ATDIST 48.82850087537719 2.302527967177572 0.001 UAV16 SPD 0 
00:10:14.00> UAV16 ATDIST 48.82850087537719 2.302527967177572 0.8 UAV16 ATSPD 0 UAV16 ALT 0 
00:10:14.00> UAV16 ATALT 0 UAV16 DELRTE 
00:10:14.00> UAV16 ATALT 0 DEL UAV16 


00:10:44.00> CRE UAV17 Amzn 48.86134527743275 2.3633628863231295 47.90626169529162 1 0 
00:10:44.00> ORIG UAV17 48.86134527743275 2.3633628863231295 
00:10:44.00> DEST UAV17 48.82063793099407 2.355555755027232 
00:10:44.00> ADDWPT UAV17 48.8824106441358 2.3988318844670173 540 40 
00:10:44.00> ADDWPT UAV17 48.87869609771675 2.4061378259098425 540 40 
00:10:44.00> ADDWPT UAV17 48.870684203043226 2.411743792041626 540 40 
00:10:44.00> ADDWPT UAV17 48.83562855161663 2.4101465965434614 540 40 
00:10:44.00> ADDWPT UAV17 48.81713992935169 2.3621773913948423 540 40 
00:10:44.00> UAV17 VS 1570 
00:10:44.00> UAV17 ALT 330 
00:10:44.00> UAV17 ATALT 330 UAV17 LNAV ON 
00:10:44.00> UAV17 ATALT 330 SPD UAV17 10 
00:10:44.00> UAV17 AT UAV17001 DO UAV17 ALT 540 
00:10:44.00> UAV17 AT UAV17001 DO UAV17 SPD 40 
00:10:44.00> UAV17 AT UAV17005 DO UAV17 ALT 330 
00:10:44.00> UAV17 AT UAV17005 DO UAV17 SPD 10 
00:10:44.00> UAV17 ATDIST 48.82063793099407 2.355555755027232 0.03 UAV17 SPD 10 
00:10:44.00> UAV17 ATDIST 48.82063793099407 2.355555755027232 0.001 UAV17 SPD 0 
00:10:44.00> UAV17 ATDIST 48.82063793099407 2.355555755027232 0.8 UAV17 ATSPD 0 UAV17 ALT 0 
00:10:44.00> UAV17 ATALT 0 UAV17 DELRTE 
00:10:44.00> UAV17 ATALT 0 DEL UAV17 


00:11:01.00> CRE UAV18 Amzn 48.87343124960635 2.2637201598613843 49.950726342110045 1 0 
00:11:01.00> ORIG UAV18 48.87343124960635 2.2637201598613843 
00:11:01.00> DEST UAV18 48.83586820500744 2.296809301187473 
00:11:01.00> ADDWPT UAV18 48.883636846122236 2.2821861977014297 540 40 
00:11:01.00> ADDWPT UAV18 48.85234739977869 2.250353944069881 540 40 
